14
24
33
46
62
81
102
124
146
166
183
197
204
208
210
211
212
212
212
212
212
212
212
212
212
212
212
212
213
168
142
123
109
97
87
79
73
68
63
59
55
52
49
47
45
42
40
39
37
36
34
33
32
31
30
29
28
27
26
26
25
24
24
23
23
22
22
21
21
20
20
20
19
19
19
18
18
18
17
17
17
17
17
16
24
34
49
66
86
108
130
152
170
186
198
205
208
210
211
212
212
212
212
212
212
212
212
212
212
213
166
139
120
105
94
86
78
72
67
62
58
54
52
49
46
44
42
40
39
37
36
34
33
32
31
30
29
28
27
26
26
25
25
24
23
23
22
22
21
21
21
20
20
19
19
19
18
18
18
18
17
17
17
17
16
24
35
49
66
86
108
130
151
170
186
197
204
208
210
211
212
212
212
212
212
212
212
212
212
212
212
212
212
213
168
143
124
110
99
89
82
75
69
64
60
56
53
50
48
45
43
41
39
38
36
35
34
32
31
30
29
28
28
27
26
25
25
24
24
23
22
22
21
21
21
20
20
20
19
19
19
18
18
18
17
17
17
17
16
25
36
51
68
89
113
135