0.18117647058823527 0.0
0.28470588235294114 0.09972062527807683
0.4011764705882353 0.19944125055615367
0.5823529411764706 0.29916187583423054
0.8023529411764706 0.39888250111230733
1.0482352941176472 0.4986031263903842
1.3458823529411765 0.5983237516684611
1.6435294117647057 0.6980443769465379
1.928235294117647 0.7977650022246147
2.2 0.8974856275026916
2.4070588235294115 0.9972062527807684
2.5623529411764703 1.0969268780588453
2.665882352941176 1.1966475033369222
2.704705882352941 1.2963681286149988
2.7305882352941175 1.3960887538930757
2.7435294117647056 1.4958093791711526
2.7435294117647056 1.5955300044492293
2.7435294117647056 1.6952506297273062
2.756470588235294 1.7949712550053831
2.148235294117647 1.89469188028346
1.811764705882353 1.9944125055615367
1.5658823529411763 2.0941331308396136
1.384705882352941 2.1938537561176905
1.2294117647058824 2.2935743813957674
1.1129411764705883 2.3932950066738443
1.0223529411764705 2.4930156319519208
0.9317647058823529 2.5927362572299977
0.8670588235294118 2.6924568825080746
0.8023529411764706 2.7921775077861515
0.7505882352941176 2.8918981330642284
0.6988235294117646 2.9916187583423053
0.6599999999999999 3.091339383620382
0.6211764705882352 3.1910600088984586
0.5952941176470588 3.2907806341765355
0.5694117647058823 3.3905012594546124
0.5435294117647058 3.4902218847326894
0.5176470588235295 3.5899425100107663
0.4917647058823529 3.689663135288843
0.4788235294117647 3.78938376056692
0.45294117647058824 3.8891043858449965
0.43999999999999995 3.9888250111230734
0.4270588235294117 4.08854563640115
0.41411764705882353 4.188266261679227
0.4011764705882353 4.287986886957304
0.3752941176470588 4.387707512235381
0.3752941176470588 4.487428137513458
0.36235294117647054 4.587148762791535
0.3494117647058823 4.686869388069612
0.33647058823529413 4.786590013347689
0.33647058823529413 4.8863106386257655
0.3235294117647059 4.9860312639038415
0.3105882352941176 5.0857518891819185
0.3105882352941176 5.185472514459995
0.2976470588235294 5.285193139738072
0.2976470588235294 5.384913765016149
0.28470588235294114 5.484634390294226
0.28470588235294114 5.584355015572303
0.2717647058823529 5.68407564085038
0.2717647058823529 5.783796266128457
0.25882352941176473 5.883516891406534
0.38823529411764707 5.983237516684611
0.5564705882352942 6.0829581419626875
0.7635294117647058 6.182678767240764
1.0094117647058822 6.282399392518841
1.2811764705882351 6.382120017796917
1.5788235294117645 6.481840643074994
1.8635294117647059 6.581561268353071
2.135294117647059 6.681281893631148
2.368235294117647 6.781002518909225
2.549411764705882 6.880723144187302
2.652941176470588 6.980443769465379
2.704705882352941 7.080164394743456
2.7305882352941175 7.1798850200215325
2.7305882352941175 7.279605645299609
2.7435294117647056 7.379326270577686
2.7435294117647056 7.479046895855763
2.756470588235294 7.57876752113384
2.148235294117647 7.678488146411917
1.7988235294117647 7.778208771689993
1.5658823529411763 7.87792939696807
1.3717647058823528 7.977650022246147
1.2294117647058824 8.077370647524225
1.1 8.1770912728023
1.0094117647058822 8.276811898080378
0.9188235294117646 8.376532523358454
0.8541176470588234 8.47625314863653
0.8023529411764706 8.575973773914608
0.7505882352941176 8.675694399192684
0.6988235294117646 8.775415024470762
0.6599999999999999 8.875135649748838
0.6211764705882352 8.974856275026916
0.5952941176470588 9.074576900304992
0.5694117647058823 9.17429752558307
0.5435294117647058 9.274018150861146
0.5176470588235295 9.373738776139223
0.4917647058823529 9.4734594014173
0.4788235294117647 9.573180026695377
0.45294117647058824 9.672900651973453
0.43999999999999995 9.772621277251531
0.4270588235294117 9.872341902529607
0.41411764705882353 9.972062527807683
0.38823529411764707 10.07178315308576
0.38823529411764707 10.171503778363837
0.3752941176470588 10.271224403641915
0.36235294117647054 10.37094502891999
0.3494117647058823 10.470665654198068
0.33647058823529413 10.570386279476145
0.3235294117647059 10.670106904754222
0.3235294117647059 10.769827530032298
0.3105882352941176 10.869548155310376
0.2976470588235294 10.969268780588452
0.2976470588235294 11.06898940586653
0.28470588235294114 11.168710031144606
0.28470588235294114 11.268430656422682
0.2717647058823529 11.36815128170076
0.2717647058823529 11.467871906978836
0.25882352941176473 11.567592532256914
0.38823529411764707 11.66731315753499
0.5564705882352942 11.767033782813067
0.7505882352941176 11.866754408091143
1.0094117647058822 11.966475033369221
1.2941176470588236 12.066195658647297
1.6047058823529412 12.165916283925375
1.9023529411764704 12.265636909203451
2.1741176470588233 12.365357534481529
2.4070588235294115 12.465078159759605
2.5623529411764703 12.564798785037683
2.665882352941176 12.664519410315759
2.704705882352941 12.764240035593835
2.7305882352941175 12.863960660871912
2.7435294117647056 12.963681286149988
2.756470588235294 13.063401911428066
2.135294117647059 13.163122536706142
1.811764705882353 13.26284316198422
1.5658823529411763 13.362563787262296
1.384705882352941 13.462284412540374
1.2294117647058824 13.56200503781845
1.1129411764705883 13.661725663096528
1.0094117647058822 13.761446288374604
0.9317647058823529 13.861166913652681
0.8670588235294118 13.960887538930757
0.8023529411764706 14.060608164208833
0.7505882352941176 14.160328789486911
0.6988235294117646 14.260049414764987
0.6599999999999999 14.359770040043065
0.6341176470588235 14.459490665321141
0.5952941176470588 14.559211290599219
0.5694117647058823 14.658931915877295
0.5435294117647058 14.758652541155373
0.5176470588235295 14.858373166433449
0.4917647058823529 14.958093791711526
0.4788235294117647 15.057814416989602
0.45294117647058824 15.15753504226768
0.43999999999999995 15.257255667545756
0.4270588235294117 15.356976292823834
0.41411764705882353 15.45669691810191
0.38823529411764707 15.556417543379986
0.3752941176470588 15.656138168658064
0.3752941176470588 15.75585879393614
0.36235294117647054 15.855579419214218
0.3494117647058823 15.955300044492294
0.33647058823529413 16.05502066977037
0.3235294117647059 16.15474129504845
0.3235294117647059 16.254461920326523
0.3105882352941176 16.3541825456046
0.3105882352941176 16.45390317088268
0.2976470588235294 16.553623796160757
0.28470588235294114 16.65334442143883
0.28470588235294114 16.75306504671691
0.28470588235294114 16.852785671994987
0.2717647058823529 16.95250629727306
0.2717647058823529 17.05222692255114
0.25882352941176473 17.151947547829216
0.3752941176470588 17.251668173107294
0.5435294117647058 17.35138879838537
0.7505882352941176 17.451109423663446
0.9835294117647058 17.550830048941524
1.2552941176470587 17.650550674219602
1.54 17.750271299497676
1.8635294117647059 17.849991924775754
2.135294117647059 17.94971255005383
2.3941176470588235 18.04943317533191
2.5623529411764703 18.149153800609984